CPU was selected
Platform Chosen : NVIDIA Corporation
Number of available devices: 2
Device Chosen : GeForce GTX 480
0 
72 
96 
104 
88 
144 
96 
72 
64 
24 
104 
112 
304 
448 
440 
616 
520 
496 
440 
372 
144 
200 
560 
624 
616 
656 
496 
432 
344 
288 
192 
608 
608 
520 
688 
712 
680 
260 
280 
616 
1048 
776 
656 
608 
524 
332 
392 
872 
824 
816 
976 
584 
464 
232 
256 
692 
760 
856 
728 
696 
464 
232 
568 
568 
576 
832 
864 
696 
352 
64 
224 
544 
544 
376 
704 
536 
256 
104 
184 
728 
496 
640 
360 
648 
536 
40 
56 
248 
304 
288 
232 
312 
160 
232 
8 
136 
160 
224 
256 
200 
128 
144 
120 
32 
64 
128 
208 
256 
304 
312 
296 
280 
224 
248 
128 
240 
520 
764 
1264 
768 
880 
904 
656 
192 
344 
384 
984 
1104 
992 
1104 
1016 
800 
400 
576 
764 
1384 
1024 
880 
1072 
792 
480 
680 
936 
1168 
1192 
1232 
1008 
1040 
248 
584 
688 
1016 
944 
968 
856 
576 
328 
664 
844 
1040 
1496 
1388 
1072 
840 
144 
568 
720 
1000 
976 
800 
936 
472 
88 
440 
760 
768 
888 
608 
976 
688 
8 
144 
448 
312 
560 
344 
472 
320 
264 
24 
176 
216 
240 
432 
200 
184 
104 
80 
56 
312 
360 
528 
624 
408 
616 
392 
152 
304 
272 
1024 
944 
888 
1216 
824 
976 
368 
504 
560 
1288 
1320 
1152 
1088 
884 
632 
824 
1232 
1216 
1640 
1136 
1128 
520 
664 
1068 
1164 
1292 
1168 
1072 
568 
928 
1300 
1816 
1576 
1168 
832 
200 
544 
640 
920 
1312 
1160 
608 
208 
496 
1016 
976 
1152 
1184 
848 
72 
288 
440 
660 
720 
756 
632 
344 
128 
224 
240 
296 
344 
512 
312 
312 
224 
256 
120 
248 
512 
616 
784 
584 
784 
536 
552 
336 
248 
552 
1020 
904 
984 
704 
872 
840 
616 
760 
832 
824 
1648 
1496 
1240 
1008 
1160 
680 
680 
744 
792 
680 
1024 
1848 
912 
1040 
944 
1128 
872 
1372 
1288 
1200 
1120 
1056 
936 
1200 
1288 
1516 
1488 
1540 
1168 
1112 
416 
728 
848 
792 
1104 
1520 
1472 
776 
464 
608 
728 
1024 
1192 
1152 
1360 
928 
152 
328 
376 
440 
448 
608 
808 
576 
536 
160 
208 
496 
504 
592 
552 
360 
400 
176 
184 
592 
752 
792 
816 
776 
832 
456 
456 
416 
808 
912 
1080 
1160 
1048 
752 
608 
368 
584 
600 
768 
1456 
1384 
976 
1096 
1136 
976 
1168 
1304 
1072 
1328 
1592 
1248 
1120 
736 
1000 
976 
1240 
1184 
1320 
976 
824 
952 
976 
1296 
2120 
1696 
936 
1040 
512 
1040 
1200 
1560 
1408 
1128 
544 
328 
592 
600 
1256 
976 
1040 
936 
168 
392 
576 
648 
808 
720 
672 
536 
264 
320 
520 
592 
536 
520 
544 
336 
344 
304 
760 
824 
672 
864 
824 
632 
432 
524 
480 
1272 
1176 
1488 
1624 
1112 
1100 
696 
712 
776 
1328 
1168 
1368 
1696 
1224 
1040 
1072 
1000 
1032 
1272 
1600 
1536 
1512 
1344 
924 
968 
1488 
1480 
1512 
1416 
1168 
1180 
1032 
1528 
1584 
1444 
1680 
1532 
1336 
1144 
544 
1008 
976 
1472 
1760 
1312 
704 
552 
848 
1032 
1248 
1424 
1072 
960 
224 
304 
504 
832 
976 
560 
464 
568 
184 
216 
600 
416 
708 
436 
416 
368 
160 
232 
552 
760 
592 
864 
832 
632 
448 
576 
520 
1076 
1324 
1320 
1284 
1008 
784 
720 
776 
736 
1368 
1792 
1400 
1288 
1032 
568 
896 
760 
1120 
1800 
1568 
1016 
1260 
1160 
880 
1272 
1472 
1416 
2088 
1104 
1184 
784 
904 
1032 
1504 
1900 
1240 
648 
672 
392 
584 
664 
1304 
1280 
952 
1000 
344 
392 
616 
616 
1344 
1528 
1184 
1176 
168 
240 
376 
512 
648 
600 
432 
352 
272 
184 
480 
716 
544 
504 
432 
320 
192 
288 
800 
880 
816 
840 
736 
480 
384 
528 
752 
1064 
1344 
1120 
1000 
1000 
800 
976 
912 
1032 
1240 
1720 
1056 
1352 
1120 
912 
1264 
920 
1140 
1312 
1080 
984 
1200 
1512 
1392 
1344 
1408 
1616 
1368 
1296 
720 
1128 
1152 
1788 
2240 
928 
1208 
824 
360 
680 
856 
1080 
1360 
1112 
816 
256 
248 
576 
680 
1064 
1328 
992 
664 
472 
96 
368 
352 
520 
740 
616 
336 
224 
56 
104 
256 
280 
440 
456 
320 
160 
88 
144 
672 
608 
856 
696 
624 
496 
192 
288 
480 
1068 
1136 
984 
936 
800 
544 
480 
648 
792 
1304 
1496 
1136 
960 
508 
812 
952 
1128 
1048 
1808 
1184 
812 
880 
1304 
1208 
1120 
1400 
1256 
992 
496 
664 
1288 
1448 
1504 
1048 
792 
632 
508 
744 
1032 
1192 
1544 
1368 
784 
640 
112 
328 
360 
696 
952 
600 
640 
456 
56 
96 
224 
216 
232 
448 
344 
144 
72 
56 
24 
344 
312 
336 
352 
248 
168 
96 
24 
704 
704 
384 
832 
600 
576 
136 
264 
416 
1280 
1264 
1288 
1304 
608 
592 
424 
872 
936 
1208 
2032 
1552 
1024 
760 
360 
808 
1024 
1280 
1424 
1128 
672 
608 
1024 
856 
1296 
1352 
1168 
840 
552 
864 
1088 
1576 
1552 
800 
648 
480 
992 
1256 
1440 
1800 
1112 
824 
440 
248 
640 
880 
1024 
1232 
808 
1128 
344 
80 
96 
104 
232 
312 
208 
224 
304 
64 
8 
40 
80 
80 
144 
88 
88 
128 
32 
8 
32 
336 
248 
256 
232 
360 
368 
192 
40 
80 
160 
624 
592 
320 
656 
536 
368 
176 
112 
304 
384 
592 
712 
656 
760 
552 
192 
136 
464 
464 
784 
688 
696 
664 
256 
288 
392 
400 
744 
808 
864 
752 
216 
264 
288 
400 
840 
992 
592 
360 
208 
224 
432 
712 
784 
776 
656 
448 
200 
104 
192 
400 
520 
536 
616 
488 
264 
88 
72 
328 
408 
616 
776 
424 
640 
424 
40 
0 
8 
80 
72 
128 
104 
88 
24 
56 
8 
0 
184 
216 
192 
128 
216 
256 
112 
32 
56 
168 
480 
456 
352 
392 
544 
416 
88 
88 
248 
360 
392 
560 
400 
784 
392 
232 
152 
360 
360 
576 
600 
576 
504 
240 
192 
440 
408 
480 
832 
736 
728 
264 
184 
248 
328 
464 
720 
568 
328 
216 
152 
376 
432 
584 
744 
928 
288 
248 
104 
248 
424 
456 
448 
440 
552 
56 
112 
200 
272 
392 
648 
280 
288 
240 
72 
64 
88 
88 
272 
376 
248 
112 
176 
152 
Solution took 0.322248 seconds to complete
15-queen has 2279184 solutions (285053 unique)
CPU was selected
Platform Chosen : NVIDIA Corporation
Number of available devices: 2
Device Chosen : GeForce GTX 480
HERE
HERE
HERE
HERE
HERE
HERE
HERE
Solution took 0.324061 seconds to complete
15-queen has 2279184 solutions (285053 unique)
