52889
51819
52844
52018
51412
51154
50480
48490
45373
44053
43364
47348
48707
46992
48323
47598
47489
48042
47356
45285
42187
41794
44221
47975
45982
47961
46970
47039
47638
47480
45937
43322
40396
40726
45380
45633
44823
46752
46287
46858
47291
46478
44770
41178
40322
43785
46052
43849
46101
44971
46036
46473
45983
44819
42607
38932
39227
44761
44038
44253
44299
44369
44444
44352
43844
43102
39702
38448
42472
44416
43348
44485
43942
44709
45044
44858
44609
43592
39480
41348
45153
45125
46419
46581
47322
47038
46678
45388
44886
42146
40271
44803
45820
45204
46662
47357
47061
46288
46018
46337
44891
41960
44891
47765
46029
48722
49405
49133
47933
47810
46695
47359
43805
43568
48134
47617
47087
49065
49343
48091
48369
46734
46724
45200
42677
46122
47567
44407
47630
47706
46643
45402
44735
43353
43452
40082
41048
43961
41617
43652
45359
45640
44880
45092
44093
43709
41889
39509
43053
42454
42244
46427
46514
46277
45614
45686
45845
45161
42301
43776
45311
42860
48829
48978
48736
48376
48567
49242
49114
47081
46356
48528
46652
50869
54071
54417
53768
53772
54135
55293
54289
51389
52620
51481
53358
58303
57846
57964
57857
56622
57248
58265
54759
53665
54154
52729
58200
58799
57767
58612
58174
57427
58482
57204
54104
55065
52844
57024
59260
58331
59153
58733
58486
57419
58402
55432
55456
54572
56012
59539
59473
60632
60020
60394
60001
58870
58948
56958
56907
55283
59442
60422
60822
60025
59333
59488
57464
57379
55707
54555
52545
56134
58628
59748
59045
58641
58711
59000
55814
55744
55180
53678
54882
58431
60006
59944
58653
57960
58449
55888
55472
53489
52265
51421
56471
57410
58148
57713
57362
56958
56161
54493
53395
53427
51159
54112
56406
58270
57530
57057
56286
56667
53763
53801
51832
52245
51119
56149
57958
57412
56638
56345
56772
55631
54193
52691
52643
50173
53743
55098
54670
53287
52298
51834
52259
49870
49708
48368
49934
47426
50496
52135
51477
50908
50459
50718
49783
48792
46709
48133
44534
49127
49394
49372
48743
48127
48186
48250
47792
47575
46878
46393
47321
49740
50321
49576
48998
48877
45967
48105
48259
46104
47515
44488
49023
49390
48792
48549
48673
46116
46405
48537
46308
46914
45129
48329
49824
49412
47838
49214
47127
46833
49748
48305
46964
47469
46616
51438
51212
48563
50354
50014
48316
51170
50752
47922
49475
46862
52175
53337
50251
50924
52554
49910
52226
52491
48049
49360
48763
48148
52506
50306
49331
50842
50243
51212
51355
48347
47831
49634
46365
49663
51238
48514
48366
50526
50508
50596
47876
44651
47591
46905
43987
48295
47239
45743
46931
46511
47277
45310
41920
43830
45834
43980
43922
48582
47989
47829
47394
47877
45454
43993
43237
46017
45546
43525
46793
48698
48510
48305
47762
45987
43658
41871
43974
45043
43789
42147
46624
46781
46422
45837
44535
39877
40807
41503
43672
43075
40578
43515
45251
45123
45123
43731
40363
40564
39890
41515
43400
42206
40835
44897
44910
44782
43277
41158
38704
39985
40161
43279
43523
40488
43099
44271
43833
42891
40929
37673
40854
40622
42854
44709
44171
41990
45144
44831
43846
42044
38172
39549
39494
40994
Output: 458
Computation time: 0.374485999346 s
